cohort / origin ticks <bin> : n | genes neurons hidden hidden_functional clocks clocks_functional connections enabled functional_connections sensors sensors_functional outputs_driven
evolving              0-1      :   10 | 25.00 9.00 0.00 0.00 2.00 1.00 4.00 4.00 4.00 1.00 1.00 4.00
evolving              1-100000 :   17 | 29.41 10.59 1.12 0.71 2.24 1.18 6.76 5.53 4.88 1.06 1.00 3.71
evolving         100000-200000 :   13 | 35.69 12.62 3.15 2.62 2.23 1.00 11.00 7.85 7.08 1.08 1.00 3.46
evolving         200000-300000 :   24 | 37.71 13.08 4.50 2.79 2.38 1.33 12.88 9.12 7.17 0.75 0.67 2.92
evolving         300000-400001 :   16 | 36.50 12.88 4.06 1.75 2.50 1.50 11.88 8.25 5.38 0.75 0.62 2.25
random_control        0-1      :   10 | 25.00 9.00 0.00 0.00 2.00 1.00 4.00 4.00 4.00 1.00 1.00 4.00
random_control        1-100000 :    7 | 26.71 9.57 0.43 0.43 2.14 1.00 5.14 4.57 4.57 1.00 1.00 3.71
random_control   100000-200000 :    4 | 24.75 9.00 0.00 0.00 2.00 0.75 3.75 3.75 3.75 1.00 1.00 3.75
random_control   200000-300000 :    2 | 24.50 9.00 0.00 0.00 2.00 1.00 3.50 3.50 3.50 1.00 1.00 3.50
