cohort / origin ticks <bin> : n | genes neurons hidden hidden_functional clocks clocks_functional connections enabled functional_connections sensors sensors_functional outputs_driven
evolving              0-1      :   10 | 25.00 9.00 0.00 0.00 2.00 1.00 4.00 4.00 4.00 1.00 1.00 4.00
evolving              1-75000  :   15 | 28.87 10.40 0.93 0.80 2.20 1.07 6.40 5.40 5.00 1.07 1.00 3.80
evolving          75000-150000 :    5 | 34.60 12.00 2.80 1.80 2.20 1.40 10.60 7.60 6.40 1.00 1.00 3.60
evolving         150000-225000 :   17 | 37.59 13.29 3.82 2.88 2.41 1.12 12.24 8.59 7.41 1.06 0.94 3.24
evolving         225000-300001 :   17 | 36.71 12.71 4.41 2.53 2.29 1.35 12.35 8.82 6.71 0.65 0.59 2.82
random_control        0-1      :   10 | 25.00 9.00 0.00 0.00 2.00 1.00 4.00 4.00 4.00 1.00 1.00 4.00
random_control        1-75000  :    5 | 26.80 9.60 0.40 0.40 2.20 1.20 5.20 4.60 4.60 1.00 1.00 3.80
random_control    75000-150000 :    4 | 25.50 9.25 0.25 0.25 2.00 0.50 4.25 4.00 4.00 1.00 1.00 3.50
random_control   150000-225000 :    2 | 25.00 9.00 0.00 0.00 2.00 1.00 4.00 4.00 4.00 1.00 1.00 4.00
random_control   225000-300001 :    2 | 24.50 9.00 0.00 0.00 2.00 1.00 3.50 3.50 3.50 1.00 1.00 3.50
