cohort / origin ticks <bin> : n | genes neurons hidden hidden_functional clocks clocks_functional connections enabled functional_connections sensors sensors_functional outputs_driven
evolving              0-1      :    8 | 25.00 9.00 0.00 0.00 2.00 1.00 4.00 4.00 4.00 1.00 1.00 4.00
evolving              1-75000  :   18 | 28.33 10.28 0.67 0.50 2.11 1.28 5.94 5.44 4.89 1.11 0.94 3.61
evolving          75000-150000 :   27 | 29.89 10.56 0.85 0.85 2.48 1.59 7.26 6.22 5.63 1.07 1.00 3.63
evolving         150000-225000 :   42 | 31.33 11.10 1.90 1.10 2.52 1.64 8.36 6.88 5.60 0.88 0.76 3.19
evolving         225000-300001 :   43 | 30.02 10.60 2.88 0.79 2.42 1.42 7.98 6.74 4.16 0.44 0.40 2.56
random_control        0-1      :    8 | 25.00 9.00 0.00 0.00 2.00 1.00 4.00 4.00 4.00 1.00 1.00 4.00
random_control        1-75000  :    2 | 29.00 11.50 0.00 0.00 2.50 1.50 5.00 5.00 5.00 1.50 1.00 4.00
random_control    75000-150000 :    1 | 24.00 9.00 0.00 0.00 2.00 1.00 3.00 3.00 3.00 1.00 1.00 3.00
random_control   150000-225000 :    2 | 28.50 11.50 0.50 0.50 2.00 1.00 4.50 4.00 4.00 1.50 1.00 3.50
random_control   225000-300001 :    1 | 27.00 10.00 0.00 0.00 3.00 2.00 5.00 5.00 5.00 1.00 1.00 4.00
