cohort / origin ticks <bin> : n | genes neurons hidden hidden_functional clocks clocks_functional connections enabled functional_connections sensors sensors_functional outputs_driven
evolving              0-1      :   10 | 25.00 9.00 0.00 0.00 2.00 2.00 4.00 4.00 4.00 1.00 1.00 4.00
evolving              1-75000  :   29 | 30.31 10.69 1.24 0.93 2.24 2.14 7.55 6.28 5.38 1.07 0.97 3.69
evolving          75000-150000 :   66 | 31.80 11.36 1.50 1.08 2.36 2.06 8.30 6.67 5.50 1.14 0.91 3.39
evolving         150000-225000 :   49 | 32.18 11.31 1.69 1.18 2.37 1.96 8.80 6.80 5.29 1.08 0.90 3.14
evolving         225000-300001 :   45 | 31.42 11.18 1.49 1.20 2.27 1.87 8.11 6.27 4.93 1.13 0.93 3.04
random_control        0-1      :   10 | 25.00 9.00 0.00 0.00 2.00 2.00 4.00 4.00 4.00 1.00 1.00 4.00
random_control        1-75000  :   22 | 28.55 10.32 1.00 1.00 2.32 2.05 6.23 5.23 4.95 1.00 1.00 3.77
random_control    75000-150000 :   24 | 28.00 10.08 0.83 0.79 2.25 2.08 5.92 5.04 4.75 1.00 0.96 3.79
random_control   150000-225000 :   27 | 28.07 10.00 0.85 0.85 2.15 2.11 6.07 5.22 5.15 1.00 1.00 4.00
random_control   225000-300001 :   27 | 28.19 10.15 1.00 0.93 2.11 2.04 6.04 5.04 4.96 1.00 0.93 3.89
