cohort / origin ticks <bin> : n | genes neurons hidden hidden_functional clocks clocks_functional connections enabled functional_connections sensors sensors_functional outputs_driven
evolving              0-1      :    9 | 25.00 9.00 0.00 0.00 2.00 2.00 4.00 4.00 4.00 1.00 1.00 4.00
evolving              1-75000  :   45 | 31.02 11.09 1.84 1.36 2.20 1.89 7.93 6.02 5.20 1.00 0.67 3.31
evolving          75000-150000 :   52 | 31.46 11.17 1.37 1.19 2.60 2.12 8.23 6.40 5.40 1.06 0.69 3.12
evolving         150000-225000 :   38 | 33.45 11.61 2.13 1.55 2.45 1.82 9.84 7.24 5.82 1.00 0.74 2.92
evolving         225000-300001 :   32 | 32.06 11.41 1.97 1.19 2.28 1.78 8.62 6.38 4.88 1.03 0.47 2.91
random_control        0-1      :    9 | 25.00 9.00 0.00 0.00 2.00 2.00 4.00 4.00 4.00 1.00 1.00 4.00
random_control        1-75000  :    4 | 28.25 10.00 1.00 1.00 2.00 2.00 6.25 5.25 5.25 1.00 1.00 4.00
random_control    75000-150000 :    1 | 25.00 9.00 0.00 0.00 2.00 2.00 4.00 4.00 4.00 1.00 1.00 4.00
random_control   150000-225000 :    1 | 29.00 10.00 1.00 1.00 2.00 2.00 7.00 6.00 6.00 1.00 1.00 4.00
