cohort / origin ticks <bin> : n | genes neurons hidden hidden_functional clocks clocks_functional connections enabled functional_connections sensors sensors_functional outputs_driven
evolving              0-1      :    9 | 25.00 9.00 0.00 0.00 2.00 2.00 4.00 4.00 4.00 1.00 1.00 4.00
evolving              1-75000  :   23 | 28.70 10.35 0.74 0.74 2.26 2.09 6.26 5.39 5.22 1.09 1.00 3.83
evolving          75000-150000 :    7 | 29.57 10.57 1.14 0.71 2.43 1.86 7.00 5.71 4.86 1.00 1.00 3.43
evolving         150000-225000 :   11 | 27.82 10.09 0.55 0.55 2.18 2.00 5.64 4.91 4.91 1.09 1.00 3.82
evolving         225000-300001 :    9 | 27.56 9.67 0.56 0.56 2.11 2.00 5.89 5.22 4.78 1.00 1.00 3.89
random_control        0-1      :    9 | 25.00 9.00 0.00 0.00 2.00 2.00 4.00 4.00 4.00 1.00 1.00 4.00
random_control        1-75000  :   39 | 28.03 10.08 0.87 0.87 2.10 2.03 5.92 5.05 5.03 1.03 1.00 3.92
random_control    75000-150000 :   32 | 27.91 10.03 0.81 0.81 2.09 1.91 5.84 5.03 4.94 1.03 1.00 3.84
random_control   150000-225000 :   23 | 27.70 10.22 0.61 0.61 2.13 1.83 5.35 4.65 4.65 1.13 1.00 3.70
random_control   225000-300001 :   33 | 28.33 10.30 0.82 0.82 2.15 2.03 5.94 5.12 5.03 1.09 1.00 3.91
